1856
25 46
37 40
39 37
36 56
28 53
26 56
39 35
29 37
31 52
42 41
28 45
35 57
39 44
31 45
33 36
38 57
27 41
40 54
34 38
30 58
39 36
40 41
39 58
36 41
25 58
28 35
37 46
26 35
28 36
36 48
34 53
38 54
29 35
25 41
38 44
39 43
39 43
31 36
35 50
29 42
42 49
35 48
34 51
30 47
33 48
35 57
38 55
27 53
39 56
30 45
38 58
29 40
37 43
30 45
36 52
38 40
36 40
40 51
36 44
27 50
28 56
32 38
33 43
32 40
32 50
41 57
42 43
26 53
33 58
40 58
39 52
32 51
35 49
40 53
30 53
33 56
26 52
37 57
27 35
36 44
31 39
32 52
41 49
40 52
40 55
28 48
30 41
26 38
27 40
26 56
42 44
38 53
35 42
38 47
33 46
33 50
38 39
30 54
29 53
36 36
28 43
41 52
27 57
40 46
35 45
26 35
34 45
35 38
28 41
30 44
32 50
38 44
41 41
32 45
26 47
